before <- c(mean=850, median=820, sd=30)
after  <- c(mean=900, median=800, sd=110)


before
after
